==============================================
       4-BIT GRAY TO BINARY CONVERTER
                 TESTBENCH
==============================================
Time    Gray    Binary  Expected
----------------------------------------------
10000   0000    0000    0000
20000   0001    0001    0001
30000   0010    0011    0011
40000   0011    0010    0010
50000   0100    0111    0111
60000   0101    0110    0110
70000   0110    0100    0100
80000   0111    0101    0101
90000   1000    1111    1111
100000  1001    1110    1110
110000  1010    1100    1100
120000  1011    1101    1101
130000  1100    1000    1000
140000  1101    1001    1001
150000  1110    1011    1011
160000  1111    1010    1010
----------------------------------------------
RESULT: ALL 16 TESTS PASSED
==============================================